DATE,GDP,Inv,Exp,Imp,Gov,Cons,NXP,Fertility,Unemployment,Life_exp,Dependency,Mortality,Year,High_School,College,recession_1973,recession_1980,recession_1990,recession_2001,recession_2008,recession_2020
1947-01-01,243.164,35.854,18.394,7.519,40.902,156.111288,10.874999999999998,,,,,,1947,,,0,0,0,0,0,0
1947-04-01,245.968,34.505,19.497,8.203,40.346,160.12516799999997,11.294,,,,,,1947,,,0,0,0,0,0,0
1947-07-01,249.585,34.911,19.433,7.663,42.007,163.47817500000002,11.77,,,,,,1947,,,0,0,0,0,0,0
1947-10-01,259.745,43.25,17.636,8.347,38.149,167.79527,9.289,,,,,,1947,,,0,0,0,0,0,0
1948-01-01,265.742,47.202,16.917,9.624,38.915,170.340622,7.293000000000001,,3.4,,,,1948,,,0,0,0,0,0,0
1948-04-01,272.567,50.336,15.241,10.036,39.904,174.170313,5.205,,3.9,,,,1948,,,0,0,0,0,0,0
1948-07-01,279.196,52.516,15.405,10.456,42.739,177.01026400000003,4.949,,3.6,,,,1948,,,0,0,0,0,0,0
1948-10-01,280.366,51.334,14.625,10.124,44.051,178.03240999999997,4.501,,3.7,,,,1948,,,0,0,0,0,0,0
1949-01-01,275.034,43.14,16.082,9.604,45.908,176.846862,6.4780000000000015,,4.3,,,,1949,,,0,0,0,0,0,0
1949-04-01,271.351,36.241,15.647,9.364,47.016,178.54895799999997,6.283,,5.3,,,,1949,,,0,0,0,0,0,0
1949-07-01,272.889,39.549,14.115,8.936,46.824,177.92362800000004,5.179,,6.7,,,,1949,,,0,0,0,0,0,0
1949-10-01,270.627,37.468,12.091,9.092,45.583,180.237582,2.9989999999999988,,7.9,,,,1949,,,0,0,0,0,0,0
1950-01-01,280.828,46.749,11.704,9.501,52.902,182.819028,2.203000000000001,,6.5,,,,1950,,,0,0,0,0,0,0
1950-04-01,290.383,52.291,11.872,10.229,46.098,186.716269,1.643000000000001,,5.8,,,,1950,,,0,0,0,0,0,0
1950-07-01,308.153,58.641,12.293,13.033,42.215,200.607603,-0.7400000000000002,,5.0,,,,1950,,,0,0,0,0,0,0
1950-10-01,319.945,68.441,13.531,13.685,46.464,198.045955,-0.1539999999999999,,4.2,,,,1950,,,0,0,0,0,0,0
1951-01-01,336.0,64.582,15.043,14.866,51.8,209.328,0.1769999999999996,,3.7,,,,1951,,,0,0,0,0,0,0
1951-04-01,344.09,67.383,17.121,15.178,56.56,205.07764,1.9429999999999976,,3.1,,,,1951,,,0,0,0,0,0,0
1951-07-01,351.385,61.981,18.052,14.31,61.393,207.668535,3.741999999999999,,3.1,,,,1951,,,0,0,0,0,0,0
1951-10-01,356.178,57.084,18.18,13.99,63.905,211.569732,4.19,,3.5,,,,1951,,,0,0,0,0,0,0
1952-01-01,359.82,58.132,18.679,14.958,63.546,213.01344,3.7209999999999983,,3.2,,,,1952,,,0,0,0,0,0,0
1952-04-01,361.03,53.004,16.581,14.63,67.23,216.97903,1.9509999999999987,,2.9,,,,1952,,,0,0,0,0,0,0
1952-07-01,367.701,57.22,15.246,15.25,70.056,219.51749700000005,-0.0039999999999995,,3.2,,,,1952,,,0,0,0,0,0,0
1952-10-01,380.812,60.737,15.329,16.342,70.885,227.725576,-1.012999999999998,,3.0,,,,1952,,,0,0,0,0,0,0
1953-01-01,387.98,61.663,15.128,15.795,71.596,231.23608,-0.6669999999999998,,2.9,,,,1953,,,0,0,0,0,0,0
1953-04-01,391.749,62.115,15.196,16.447,73.781,233.090655,-1.2509999999999994,,2.7,,,,1953,,,0,0,0,0,0,0
1953-07-01,391.171,61.435,15.755,16.307,72.127,233.529087,-0.5519999999999978,,2.6,,,,1953,,,0,0,0,0,0,0
1953-10-01,385.97,56.446,15.172,15.507,73.561,233.12588,-0.3349999999999991,,3.1,,,,1953,,,0,0,0,0,0,0
1954-01-01,385.345,55.717,14.424,14.78,71.375,235.06045000000003,-0.3559999999999998,,4.9,,,,1954,,,0,0,0,0,0,0
1954-04-01,386.121,55.449,16.438,16.184,70.056,237.850536,0.2539999999999978,,5.9,,,,1954,,,0,0,0,0,0,0
1954-07-01,390.996,58.971,15.878,15.304,69.904,240.46254,0.5739999999999998,,5.8,,,,1954,,,0,0,0,0,0,0
1954-10-01,399.734,62.139,16.605,15.46,70.683,245.036942,1.1449999999999996,,5.7,,,,1954,,,0,0,0,0,0,0
1955-01-01,413.073,68.702,17.273,16.169,71.276,251.561457,1.1039999999999992,,4.9,,,,1955,,,0,0,0,0,0,0
1955-04-01,421.532,72.688,16.942,17.097,70.836,256.291456,-0.1550000000000011,,4.7,,,,1955,,,0,0,0,0,0,0
1955-07-01,430.221,74.747,18.145,17.421,72.676,260.713926,0.7240000000000002,,4.0,,,,1955,,,0,0,0,0,0,0
1955-10-01,437.092,78.882,18.349,18.109,71.777,264.44066,0.2399999999999984,,4.3,,,,1955,,,0,0,0,0,0,0
1956-01-01,439.746,78.303,19.365,18.925,71.909,266.04632999999995,0.4399999999999977,,4.0,,,,1956,,,0,0,0,0,0,0
1956-04-01,446.01,77.02,20.882,18.973,74.834,268.94403,1.9090000000000025,,4.0,,,,1956,,,0,0,0,0,0,0
1956-07-01,451.191,78.267,21.822,19.253,74.181,272.068173,2.568999999999999,,4.4,,,,1956,,,0,0,0,0,0,0
1956-10-01,460.463,77.145,23.068,18.541,76.822,277.659189,4.527000000000001,,3.9,,,,1956,,,0,0,0,0,0,0
1957-01-01,469.779,77.728,24.919,20.1,80.058,281.8674,4.818999999999999,,4.2,,,,1957,,,0,0,0,0,0,0
1957-04-01,472.025,77.907,24.369,20.27,81.446,284.15905,4.099,,3.9,,,,1957,,,0,0,0,0,0,0
1957-07-01,479.49,79.339,23.759,19.762,81.451,288.65298,3.997,,4.2,,,,1957,,,0,0,0,0,0,0
1957-10-01,474.864,71.045,23.022,19.634,84.813,290.141904,3.387999999999998,,4.5,,,,1957,,,0,0,0,0,0,0
1958-01-01,467.54,66.73,20.534,19.455,83.792,289.8748,1.0790000000000006,,5.8,,,,1958,,,0,0,0,0,0,0
1958-04-01,471.978,65.065,20.546,20.075,88.476,292.62636000000003,0.4710000000000001,,7.4,,,,1958,,,0,0,0,0,0,0
1958-07-01,485.841,71.999,20.595,19.739,89.193,297.820533,0.8559999999999981,,7.5,,,,1958,,,0,0,0,0,0,0
1958-10-01,499.555,80.001,20.563,20.823,90.999,301.73122,-0.2600000000000015,,6.7,,,,1958,,,0,0,0,0,0,0
1959-01-01,510.33,83.166,21.915,21.396,89.118,306.1,0.5189999999999984,,6.0,,,,1959,,,0,0,0,0,0,0
1959-04-01,522.653,89.381,21.776,22.544,90.132,312.2,-0.7680000000000007,,5.2,,,,1959,,,0,0,0,0,0,0
1959-07-01,525.034,83.606,24.079,22.868,90.742,317.8,1.211000000000002,,5.1,,,,1959,,,0,0,0,0,0,0
1959-10-01,528.6,86.524,23.131,22.504,92.047,322.8,0.6269999999999989,,5.7,,,,1959,,,0,0,0,0,0,0
1960-01-01,542.648,96.476,26.145,23.288,90.543,323.6,2.8569999999999998,3.654,5.2,69.7707317073171,15.3957414944803,25.9,1960,41.1,7.7,0,0,0,0,0,0
1960-04-01,541.08,87.096,26.85,23.455,92.628,336.5,3.395000000000003,3.654,5.2,69.7707317073171,15.3957414944803,25.9,1960,41.1,7.7,0,0,0,0,0,0
1960-07-01,545.604,86.377,27.561,22.879,93.723,331.4,4.681999999999999,3.654,5.5,69.7707317073171,15.3957414944803,25.9,1960,41.1,7.7,0,0,0,0,0,0
1960-10-01,540.197,75.963,27.622,21.742,96.698,335.4,5.879999999999999,3.654,6.1,69.7707317073171,15.3957414944803,25.9,1960,41.1,7.7,0,0,0,0,0,0
1961-01-01,545.018,78.378,27.56,21.658,96.51,332.2,5.9019999999999975,3.62,6.6,70.2707317073171,15.5752613547294,25.4,1961,42.68,8.040000000000001,0,0,0,0,0,0
1961-04-01,555.545,84.108,26.627,21.899,100.155,337.6,4.727999999999998,3.62,7.0,70.2707317073171,15.5752613547294,25.4,1961,42.68,8.040000000000001,0,0,0,0,0,0
1961-07-01,567.664,90.917,27.779,23.326,100.502,340.6,4.452999999999999,3.62,7.0,70.2707317073171,15.5752613547294,25.4,1961,42.68,8.040000000000001,0,0,0,0,0,0
1961-10-01,580.612,92.931,28.442,23.87,102.076,346.5,4.571999999999999,3.62,6.5,70.2707317073171,15.5752613547294,25.4,1961,42.68,8.040000000000001,0,0,0,0,0,0
1962-01-01,594.013,98.074,28.325,24.314,105.952,353.2,4.010999999999999,3.461,5.8,70.119512195122,15.658327712649,24.9,1962,44.26,8.38,0,0,0,0,0,0
1962-04-01,600.366,96.706,29.662,24.884,107.795,359.0,4.777999999999999,3.461,5.6,70.119512195122,15.658327712649,24.9,1962,44.26,8.38,0,0,0,0,0,0
1962-07-01,609.027,98.16,29.593,25.111,109.32,361.4,4.481999999999999,3.461,5.4,70.119512195122,15.658327712649,24.9,1962,44.26,8.38,0,0,0,0,0,0
1962-10-01,612.28,94.968,28.683,25.55,111.161,366.5,3.132999999999999,3.461,5.4,70.119512195122,15.658327712649,24.9,1962,44.26,8.38,0,0,0,0,0,0
1963-01-01,621.672,99.689,29.161,25.185,112.116,374.4,3.976000000000002,3.319,5.7,69.9170731707317,15.759153616408,24.4,1963,45.84,8.72,0,0,0,0,0,0
1963-04-01,629.752,101.65,31.448,25.89,112.048,376.4,5.558,3.319,5.7,69.9170731707317,15.759153616408,24.4,1963,45.84,8.72,0,0,0,0,0,0
1963-07-01,644.444,104.612,31.215,26.704,113.773,384.4,4.510999999999999,3.319,5.6,69.9170731707317,15.759153616408,24.4,1963,45.84,8.72,0,0,0,0,0,0
1963-10-01,653.938,107.189,32.474,26.764,116.055,386.0,5.709999999999997,3.319,5.5,69.9170731707317,15.759153616408,24.4,1963,45.84,8.72,0,0,0,0,0,0
1964-01-01,669.822,110.474,34.192,26.978,117.829,396.8,7.213999999999999,3.19,5.6,70.1658536585366,15.8800998622686,23.8,1964,47.42,9.06,0,0,0,0,0,0
1964-04-01,678.674,110.518,34.03,27.726,118.785,402.8,6.304000000000002,3.19,5.3,70.1658536585366,15.8800998622686,23.8,1964,47.42,9.06,0,0,0,0,0,0
1964-07-01,692.031,112.631,35.375,28.429,118.123,414.9,6.9460000000000015,3.19,4.9,70.1658536585366,15.8800998622686,23.8,1964,47.42,9.06,0,0,0,0,0,0
1964-10-01,697.319,114.984,36.48,29.285,118.105,419.6,7.194999999999997,3.19,5.1,70.1658536585366,15.8800998622686,23.8,1964,47.42,9.06,0,0,0,0,0,0
1965-01-01,717.79,126.542,32.969,28.457,119.954,424.4,4.5120000000000005,2.913,4.9,70.2146341463415,15.9590019442031,23.3,1965,49.0,9.4,0,0,0,0,0,0
1965-04-01,730.191,127.052,38.367,31.679,122.907,437.1,6.687999999999999,2.913,4.8,70.2146341463415,15.9590019442031,23.3,1965,49.0,9.4,0,0,0,0,0,0
1965-07-01,749.323,131.237,37.551,32.03,128.665,441.0,5.521000000000001,2.913,4.4,70.2146341463415,15.9590019442031,23.3,1965,49.0,9.4,0,0,0,0,0,0
1965-10-01,771.857,133.752,39.698,33.948,132.243,458.5,5.75,2.913,4.2,70.2146341463415,15.9590019442031,23.3,1965,49.0,9.4,0,0,0,0,0,0
1966-01-01,795.734,144.2,39.356,34.99,136.056,465.2,4.366,2.721,4.0,70.2121951219512,15.9201795745393,22.7,1966,49.66,9.66,0,0,0,0,0,0
1966-04-01,804.981,143.501,40.872,36.24,142.395,476.9,4.631999999999998,2.721,3.8,70.2121951219512,15.9201795745393,22.7,1966,49.66,9.66,0,0,0,0,0,0
1966-07-01,819.638,143.194,40.857,38.171,146.957,480.6,2.686,2.721,3.8,70.2121951219512,15.9201795745393,22.7,1966,49.66,9.66,0,0,0,0,0,0
1966-10-01,833.302,145.855,42.594,38.829,152.091,488.3,3.765000000000001,2.721,3.7,70.2121951219512,15.9201795745393,22.7,1966,49.66,9.66,0,0,0,0,0,0
1967-01-01,844.17,142.811,43.886,39.432,161.919,494.2,4.454000000000001,2.558,3.9,70.5609756097561,15.9220339783272,22.0,1967,50.32,9.92,0,0,0,0,0,0
1967-04-01,848.983,137.495,43.239,39.02,164.163,501.3,4.218999999999994,2.558,3.8,70.5609756097561,15.9220339783272,22.0,1967,50.32,9.92,0,0,0,0,0,0
1967-07-01,865.233,142.835,42.845,39.543,166.058,506.7,3.302,2.558,3.8,70.5609756097561,15.9220339783272,22.0,1967,50.32,9.92,0,0,0,0,0,0
1967-10-01,881.439,147.653,43.896,41.652,170.992,512.2,2.244,2.558,4.0,70.5609756097561,15.9220339783272,22.0,1967,50.32,9.92,0,0,0,0,0,0
1968-01-01,909.387,152.288,45.452,44.399,177.285,530.9,1.0529999999999973,2.464,3.7,69.9512195121951,15.923958137713,21.3,1968,50.98,10.18,0,0,0,0,0,0
1968-04-01,934.344,158.943,47.165,45.416,183.665,544.0,1.7490000000000023,2.464,3.5,69.9512195121951,15.923958137713,21.3,1968,50.98,10.18,0,0,0,0,0,0
1968-07-01,950.825,155.683,49.891,48.24,186.229,563.2,1.6509999999999962,2.464,3.7,69.9512195121951,15.923958137713,21.3,1968,50.98,10.18,0,0,0,0,0,0
1968-10-01,968.03,160.76,49.116,48.17,190.202,571.6,0.945999999999998,2.464,3.4,69.9512195121951,15.923958137713,21.3,1968,50.98,10.18,0,0,0,0,0,0
1969-01-01,993.337,172.388,44.042,43.804,188.097,583.5,0.2379999999999995,2.456,3.4,70.5073170731708,15.8418732971365,20.6,1969,51.64,10.44,0,0,0,0,0,0
1969-04-01,1009.02,172.721,53.775,52.671,194.972,593.9,1.1039999999999992,2.456,3.4,70.5073170731708,15.8418732971365,20.6,1969,51.64,10.44,0,0,0,0,0,0
1969-07-01,1029.956,177.564,53.596,52.365,199.772,602.7,1.2309999999999943,2.456,3.5,70.5073170731708,15.8418732971365,20.6,1969,51.64,10.44,0,0,0,0,0,0
1969-10-01,1038.147,171.573,56.275,53.126,205.097,618.5,3.149000000000001,2.456,3.7,70.5073170731708,15.8418732971365,20.6,1969,51.64,10.44,0,0,0,0,0,0
1970-01-01,1051.2,168.113,57.031,53.517,208.693,628.7,3.513999999999996,2.48,3.9,70.8073170731707,15.83392875368,19.9,1970,52.3,10.7,0,0,0,0,0,0
1970-04-01,1067.375,171.455,60.411,55.204,220.11,636.0,5.207000000000001,2.48,4.6,70.8073170731707,15.83392875368,19.9,1970,52.3,10.7,0,0,0,0,0,0
1970-07-01,1086.059,173.904,60.519,56.431,223.37,648.5,4.088000000000001,2.48,5.0,70.8073170731707,15.83392875368,19.9,1970,52.3,10.7,0,0,0,0,0,0
1970-10-01,1088.608,166.754,60.873,57.888,227.603,658.3,2.9849999999999994,2.48,5.5,70.8073170731707,15.83392875368,19.9,1970,52.3,10.7,0,0,0,0,0,0
1971-01-01,1135.156,189.495,63.221,58.651,233.12,676.1,4.569999999999993,2.266,5.9,71.1073170731707,15.8393910161331,19.1,1971,54.339999999999996,11.34,0,0,0,0,0,0
1971-04-01,1156.271,197.329,62.894,63.296,242.896,688.8,-0.402000000000001,2.266,5.9,71.1073170731707,15.8393910161331,19.1,1971,54.339999999999996,11.34,0,0,0,0,0,0
1971-07-01,1177.675,202.058,65.717,65.482,242.609,698.9,0.2349999999999994,2.266,6.0,71.1073170731707,15.8393910161331,19.1,1971,54.339999999999996,11.34,0,0,0,0,0,0
1971-10-01,1190.297,198.411,60.019,61.939,247.782,715.8,-1.9200000000000017,2.266,5.8,71.1073170731707,15.8393910161331,19.1,1971,54.339999999999996,11.34,0,0,0,0,0,0
1972-01-01,1230.609,212.968,68.639,72.173,258.846,731.5,-3.534000000000006,2.01,5.8,71.1560975609756,15.8619159168245,18.3,1972,56.379999999999995,11.98,0,0,0,0,0,0
1972-04-01,1266.369,226.798,67.152,71.409,267.56,752.5,-4.257000000000005,2.01,5.7,71.1560975609756,15.8619159168245,18.3,1972,56.379999999999995,11.98,0,0,0,0,0,0
1972-07-01,1290.566,233.09,71.453,74.09,260.264,769.9,-2.6370000000000005,2.01,5.6,71.1560975609756,15.8619159168245,18.3,1972,56.379999999999995,11.98,0,0,0,0,0,0
1972-10-01,1328.904,239.715,76.129,79.19,285.409,794.9,-3.060999999999993,2.01,5.6,71.1560975609756,15.8619159168245,18.3,1972,56.379999999999995,11.98,0,0,0,0,0,0
1973-01-01,1377.49,254.313,83.959,85.36,283.042,816.5,-1.4009999999999962,1.879,4.9,71.3560975609756,15.940915810033,17.5,1973,58.42,12.620000000000001,1,0,0,0,0,0
1973-04-01,1413.887,268.196,91.923,89.468,287.36,835.7,2.4549999999999983,1.879,5.0,71.3560975609756,15.940915810033,17.5,1973,58.42,12.620000000000001,1,0,0,0,0,0
1973-07-01,1433.838,264.335,97.576,91.139,286.911,854.1,6.436999999999998,1.879,4.8,71.3560975609756,15.940915810033,17.5,1973,58.42,12.620000000000001,1,0,0,0,0,0
1973-10-01,1476.289,280.858,107.62,98.669,292.909,868.2,8.951000000000008,1.879,4.6,71.3560975609756,15.940915810033,17.5,1973,58.42,12.620000000000001,1,0,0,0,0,0
1974-01-01,1491.209,268.361,116.709,110.315,302.072,884.5,6.3940000000000055,1.835,5.1,71.9560975609756,16.0571278066669,16.7,1974,60.46,13.26,1,0,0,0,0,0
1974-04-01,1530.056,277.391,126.668,129.382,314.483,910.8,-2.713999999999998,1.835,5.1,71.9560975609756,16.0571278066669,16.7,1974,60.46,13.26,1,0,0,0,0,0
1974-07-01,1560.026,271.013,126.638,133.61,324.454,937.9,-6.972000000000008,1.835,5.5,71.9560975609756,16.0571278066669,16.7,1974,60.46,13.26,1,0,0,0,0,0
1974-10-01,1599.679,281.339,136.585,136.552,338.388,959.2,0.0330000000000154,1.835,6.0,71.9560975609756,16.0571278066669,16.7,1974,60.46,13.26,1,0,0,0,0,0
1975-01-01,1616.116,244.306,141.369,124.888,354.024,975.6,16.480999999999995,1.774,8.1,72.6048780487805,16.2095044976729,15.9,1975,62.5,13.9,1,0,0,0,0,0
1975-04-01,1651.853,243.281,136.827,115.245,377.665,995.0,21.581999999999997,1.774,8.8,72.6048780487805,16.2095044976729,15.9,1975,62.5,13.9,1,0,0,0,0,0
1975-07-01,1709.82,265.192,134.098,122.055,379.106,1039.8,12.043000000000006,1.774,8.6,72.6048780487805,16.2095044976729,15.9,1975,62.5,13.9,1,0,0,0,0,0
1975-10-01,1761.831,276.236,142.531,128.73,388.241,1060.9,13.801000000000016,1.774,8.4,72.6048780487805,16.2095044976729,15.9,1975,62.5,13.9,1,0,0,0,0,0
1976-01-01,1820.487,304.638,143.588,138.938,393.991,1107.1,4.650000000000006,1.738,7.9,72.8560975609756,16.4161990318981,15.2,1976,63.3,14.36,1,0,0,0,0,0
1976-04-01,1852.332,322.303,146.621,147.116,395.709,1125.4,-0.4950000000000045,1.738,7.7,72.8560975609756,16.4161990318981,15.2,1976,63.3,14.36,1,0,0,0,0,0
1976-07-01,1886.558,328.307,151.775,155.848,407.495,1149.6,-4.073000000000008,1.738,7.8,72.8560975609756,16.4161990318981,15.2,1976,63.3,14.36,1,0,0,0,0,0
1976-10-01,1934.273,337.65,156.076,162.68,416.741,1176.8,-6.604000000000013,1.738,7.7,72.8560975609756,16.4161990318981,15.2,1976,63.3,14.36,1,0,0,0,0,0
1977-01-01,1988.648,360.313,155.354,176.433,420.834,1215.0,-21.07899999999998,1.79,7.5,73.2560975609756,16.6366663331236,14.5,1977,64.1,14.82,1,0,0,0,0,0
1977-04-01,2055.909,389.703,161.906,183.042,428.835,1247.3,-21.136,1.79,7.2,73.2560975609756,16.6366663331236,14.5,1977,64.1,14.82,1,0,0,0,0,0
1977-07-01,2118.473,414.134,162.325,182.904,442.98,1280.5,-20.579000000000008,1.79,6.9,73.2560975609756,16.6366663331236,14.5,1977,64.1,14.82,1,0,0,0,0,0
1977-10-01,2164.27,422.299,157.809,187.391,456.618,1311.4,-29.581999999999997,1.79,6.8,73.2560975609756,16.6366663331236,14.5,1977,64.1,14.82,1,0,0,0,0,0
1978-01-01,2202.76,434.799,164.601,203.282,468.33,1329.5,-38.68100000000001,1.76,6.4,73.3560975609756,16.8084893729941,13.8,1978,64.9,15.28,1,0,0,0,0,0
1978-04-01,2331.633,470.584,186.215,208.84,478.557,1396.4,-22.625,1.76,6.1,73.3560975609756,16.8084893729941,13.8,1978,64.9,15.28,1,0,0,0,0,0
1978-07-01,2395.053,492.368,191.302,215.062,492.031,1426.8,-23.76000000000002,1.76,6.2,73.3560975609756,16.8084893729941,13.8,1978,64.9,15.28,1,0,0,0,0,0
1978-10-01,2476.949,515.755,205.415,221.815,504.542,1466.9,-16.400000000000006,1.76,5.8,73.3560975609756,16.8084893729941,13.8,1978,64.9,15.28,1,0,0,0,0,0
1979-01-01,2526.61,525.809,211.669,229.828,511.805,1502.4,-18.158999999999992,1.808,5.9,73.8048780487805,16.93193770594,13.2,1979,65.7,15.74,1,0,0,0,0,0
1979-04-01,2591.247,539.293,220.908,243.097,522.934,1538.4,-22.18900000000002,1.808,5.8,73.8048780487805,16.93193770594,13.2,1979,65.7,15.74,1,0,0,0,0,0
1979-07-01,2667.565,545.621,234.277,257.306,543.29,1586.1,-23.029,1.808,5.7,73.8048780487805,16.93193770594,13.2,1979,65.7,15.74,1,0,0,0,0,0
1979-10-01,2723.883,547.875,253.664,280.466,559.516,1641.6,-26.80200000000002,1.808,6.0,73.8048780487805,16.93193770594,13.2,1979,65.7,15.74,1,0,0,0,0,0
1980-01-01,2789.842,554.562,268.508,304.311,583.861,1697.3,-35.803,1.8395,6.3,73.609756097561,17.0245881421144,12.6,1980,66.5,16.2,1,1,0,0,0,0
1980-04-01,2797.352,519.294,277.389,292.6,608.694,1695.2,-15.211000000000013,1.8395,6.9,73.609756097561,17.0245881421144,12.6,1980,66.5,16.2,1,1,0,0,0,0
1980-07-01,2856.483,495.071,284.673,279.202,639.968,1747.1,5.471000000000004,1.8395,7.8,73.609756097561,17.0245881421144,12.6,1980,66.5,16.2,1,1,0,0,0,0
1980-10-01,2985.557,551.472,292.517,299.2,657.298,1817.1,-6.682999999999993,1.8395,7.5,73.609756097561,17.0245881421144,12.6,1980,66.5,16.2,1,1,0,0,0,0
1981-01-01,3124.206,619.381,305.467,319.726,680.243,1870.0,-14.259000000000016,1.812,7.5,74.009756097561,17.143006690375,12.1,1981,67.98,16.84,1,1,0,0,0,0
1981-04-01,3162.532,609.843,308.455,321.963,695.699,1904.4,-13.508000000000038,1.812,7.2,74.009756097561,17.143006690375,12.1,1981,67.98,16.84,1,1,0,0,0,0
1981-07-01,3260.609,652.297,302.339,309.9,722.114,1942.1,-7.560999999999979,1.812,7.2,74.009756097561,17.143006690375,12.1,1981,67.98,16.84,1,1,0,0,0,0
1981-10-01,3280.818,643.395,304.695,319.445,738.484,1963.9,-14.75,1.812,7.9,74.009756097561,17.143006690375,12.1,1981,67.98,16.84,1,1,0,0,0,0
1982-01-01,3274.302,588.318,293.202,309.478,753.575,1997.1,-16.27600000000001,1.8275,8.6,74.3609756097561,17.2713035417153,11.7,1982,69.46000000000001,17.48,1,1,0,0,0,0
1982-04-01,3331.972,593.621,294.729,299.115,767.553,2026.3,-4.386000000000024,1.8275,9.3,74.3609756097561,17.2713035417153,11.7,1982,69.46000000000001,17.48,1,1,0,0,0,0
1982-07-01,3366.322,592.954,279.634,309.282,794.534,2072.2,-29.647999999999968,1.8275,9.8,74.3609756097561,17.2713035417153,11.7,1982,69.46000000000001,17.48,1,1,0,0,0,0
1982-10-01,3402.561,549.242,265.274,294.861,828.404,2125.8,-29.58699999999999,1.8275,10.4,74.3609756097561,17.2713035417153,11.7,1982,69.46000000000001,17.48,1,1,0,0,0,0
1983-01-01,3473.413,565.52,270.703,295.251,831.494,2174.0,-24.548,1.799,10.4,74.4634146341463,17.3502371484248,11.3,1983,70.94,18.119999999999997,1,1,0,0,0,0
1983-04-01,3578.848,613.783,272.514,317.949,852.517,2226.4,-45.435,1.799,10.2,74.4634146341463,17.3502371484248,11.3,1983,70.94,18.119999999999997,1,1,0,0,0,0
1983-07-01,3689.179,652.269,278.181,343.381,864.3,2304.4,-65.19999999999999,1.799,9.4,74.4634146341463,17.3502371484248,11.3,1983,70.94,18.119999999999997,1,1,0,0,0,0
1983-10-01,3794.706,718.496,286.587,357.972,859.457,2357.6,-71.38499999999999,1.799,8.8,74.4634146341463,17.3502371484248,11.3,1983,70.94,18.119999999999997,1,1,0,0,0,0
1984-01-01,3908.054,790.872,292.975,387.978,874.942,2419.4,-95.003,1.8065,8.0,74.5634146341464,17.504439457033,10.9,1984,72.42,18.759999999999998,1,1,0,0,0,0
1984-04-01,4009.601,818.894,302.2,406.501,897.828,2457.5,-104.301,1.8065,7.7,74.5634146341464,17.504439457033,10.9,1984,72.42,18.759999999999998,1,1,0,0,0,0
1984-07-01,4084.25,838.852,305.744,409.591,914.311,2494.6,-103.84699999999998,1.8065,7.5,74.5634146341464,17.504439457033,10.9,1984,72.42,18.759999999999998,1,1,0,0,0,0
1984-10-01,4148.551,831.741,308.603,416.359,943.661,2531.3,-107.75599999999996,1.8065,7.4,74.5634146341464,17.504439457033,10.9,1984,72.42,18.759999999999998,1,1,0,0,0,0
1985-01-01,4230.168,809.865,306.01,397.308,952.096,2618.8,-91.298,1.844,7.3,74.5634146341464,17.7198061839134,10.6,1985,73.9,19.4,1,1,0,0,0,0
1985-04-01,4294.887,827.04,304.126,418.571,966.688,2659.5,-114.44500000000004,1.844,7.3,74.5634146341464,17.7198061839134,10.6,1985,73.9,19.4,1,1,0,0,0,0
1985-07-01,4386.773,822.157,297.273,414.168,984.669,2715.7,-116.89499999999998,1.844,7.4,74.5634146341464,17.7198061839134,10.6,1985,73.9,19.4,1,1,0,0,0,0
1985-10-01,4444.094,859.545,305.433,438.867,996.43,2755.8,-133.43400000000003,1.844,7.1,74.5634146341464,17.7198061839134,10.6,1985,73.9,19.4,1,1,0,0,0,0
1986-01-01,4507.894,863.457,313.404,439.418,1007.454,2827.1,-126.014,1.8375,6.7,74.6146341463415,17.8678039843743,10.4,1986,74.64,19.779999999999998,1,1,0,0,0,0
1986-04-01,4545.34,855.237,315.119,443.99,1033.105,2835.2,-128.87099999999998,1.8375,7.1,74.6146341463415,17.8678039843743,10.4,1986,74.64,19.779999999999998,1,1,0,0,0,0
1986-07-01,4607.669,835.832,320.471,459.432,1052.329,2881.2,-138.961,1.8375,7.0,74.6146341463415,17.8678039843743,10.4,1986,74.64,19.779999999999998,1,1,0,0,0,0
1986-10-01,4657.627,842.063,334.999,468.628,1042.504,2932.9,-133.62899999999996,1.8375,7.0,74.6146341463415,17.8678039843743,10.4,1986,74.64,19.779999999999998,1,1,0,0,0,0
1987-01-01,4722.156,871.196,336.451,477.685,1045.149,2935.5,-141.23399999999998,1.872,6.6,74.7658536585366,17.995093908333,10.2,1987,75.38,20.16,1,1,0,0,0,0
1987-04-01,4806.16,874.588,355.36,502.337,1061.117,3038.8,-146.97699999999998,1.872,6.3,74.7658536585366,17.995093908333,10.2,1987,75.38,20.16,1,1,0,0,0,0
1987-07-01,4884.555,876.466,371.854,517.318,1064.747,3094.7,-145.464,1.872,6.1,74.7658536585366,17.995093908333,10.2,1987,75.38,20.16,1,1,0,0,0,0
1987-10-01,5007.994,946.459,392.107,537.511,1089.898,3134.5,-145.40399999999994,1.872,6.0,74.7658536585366,17.995093908333,10.2,1987,75.38,20.16,1,1,0,0,0,0
1988-01-01,5073.372,908.569,418.727,542.714,1107.967,3213.7,-123.98700000000008,1.934,5.7,74.7658536585366,18.2745634536756,9.9,1988,76.12,20.54,1,1,0,0,0,0
1988-04-01,5190.036,934.525,439.471,546.098,1108.813,3263.0,-106.62699999999997,1.934,5.4,74.7658536585366,18.2745634536756,9.9,1988,76.12,20.54,1,1,0,0,0,0
1988-07-01,5282.835,942.009,453.586,552.849,1120.902,3342.7,-99.26300000000003,1.934,5.4,74.7658536585366,18.2745634536756,9.9,1988,76.12,20.54,1,1,0,0,0,0
1988-10-01,5399.509,962.748,466.619,574.314,1151.873,3413.7,-107.69499999999994,1.934,5.4,74.7658536585366,18.2745634536756,9.9,1988,76.12,20.54,1,1,0,0,0,0
1989-01-01,5511.253,1005.487,485.189,586.154,1171.136,3483.7,-100.96499999999996,2.014,5.4,75.0170731707317,18.5192038742443,9.7,1989,76.86,20.92,1,1,0,0,0,0
1989-04-01,5612.463,1001.047,507.229,595.389,1194.208,3543.0,-88.16000000000003,2.014,5.2,75.0170731707317,18.5192038742443,9.7,1989,76.86,20.92,1,1,0,0,0,0
1989-07-01,5695.365,996.46,509.352,584.427,1212.452,3585.7,-75.07500000000005,2.014,5.2,75.0170731707317,18.5192038742443,9.7,1989,76.86,20.92,1,1,0,0,0,0
1989-10-01,5747.237,995.809,515.387,598.152,1229.556,3633.6,-82.7650000000001,2.014,5.3,75.0170731707317,18.5192038742443,9.7,1989,76.86,20.92,1,1,0,0,0,0
1990-01-01,5872.701,1010.838,538.232,626.767,1261.251,3730.7,-88.53500000000008,2.081,5.4,75.2146341463415,18.5681451397358,9.4,1990,77.6,21.3,1,1,1,0,0,0
1990-04-01,5960.028,1014.72,545.925,614.759,1287.513,3770.0,-68.83400000000006,2.081,5.4,75.2146341463415,18.5681451397358,9.4,1990,77.6,21.3,1,1,1,0,0,0
1990-07-01,6015.116,1000.785,555.149,630.102,1297.056,3821.7,-74.95299999999997,2.081,5.5,75.2146341463415,18.5681451397358,9.4,1990,77.6,21.3,1,1,1,0,0,0
1990-10-01,6004.733,947.453,568.186,647.282,1317.797,3870.6,-79.096,2.081,5.9,75.2146341463415,18.5681451397358,9.4,1990,77.6,21.3,1,1,1,0,0,0
1991-01-01,6035.178,924.569,573.177,620.317,1281.354,3841.0,-47.13999999999999,2.0625,6.4,75.3658536585366,18.6801781928746,9.1,1991,78.4,21.4,1,1,1,0,0,0
1991-04-01,6126.862,926.541,590.733,613.921,1345.598,3907.1,-23.188000000000105,2.0625,6.7,75.3658536585366,18.6801781928746,9.1,1991,78.4,21.4,1,1,1,0,0,0
1991-07-01,6205.937,947.476,600.595,621.669,1384.626,3966.0,-21.073999999999955,2.0625,6.8,75.3658536585366,18.6801781928746,9.1,1991,78.4,21.4,1,1,1,0,0,0
1991-10-01,6264.54,978.788,615.217,638.27,1413.344,3976.0,-23.053,2.0625,7.0,75.3658536585366,18.6801781928746,9.1,1991,78.4,21.4,1,1,1,0,0,0
1992-01-01,6363.102,956.817,625.287,645.823,1458.39,4084.7,-20.535999999999945,2.046,7.3,75.6170731707317,18.8369994039504,8.8,1992,79.4,21.4,1,1,1,0,0,0
1992-04-01,6470.763,1013.084,626.163,658.951,1476.444,4131.5,-32.78800000000001,2.046,7.4,75.6170731707317,18.8369994039504,8.8,1992,79.4,21.4,1,1,1,0,0,0
1992-07-01,6566.641,1024.162,639.365,677.853,1498.726,4204.8,-38.48799999999994,2.046,7.7,75.6170731707317,18.8369994039504,8.8,1992,79.4,21.4,1,1,1,0,0,0
1992-10-01,6680.803,1057.962,641.396,688.536,1521.869,4284.7,-47.13999999999999,2.046,7.3,75.6170731707317,18.8369994039504,8.8,1992,79.4,21.4,1,1,1,0,0,0
1993-01-01,6729.459,1083.829,643.606,699.31,1522.365,4340.7,-55.70399999999995,2.0195,7.3,75.419512195122,18.9112477757678,8.5,1993,80.2,21.9,1,1,1,0,0,0
1993-04-01,6808.939,1094.479,653.094,716.281,1532.659,4393.4,-63.1869999999999,2.0195,7.1,75.419512195122,18.9112477757678,8.5,1993,80.2,21.9,1,1,1,0,0,0
1993-07-01,6882.098,1095.852,650.897,719.251,1550.905,4468.9,-68.35399999999993,2.0195,6.9,75.419512195122,18.9112477757678,8.5,1993,80.2,21.9,1,1,1,0,0,0
1993-10-01,7013.738,1153.142,671.6,745.049,1572.369,4532.8,-73.44899999999996,2.0195,6.8,75.419512195122,18.9112477757678,8.5,1993,80.2,21.9,1,1,1,0,0,0
1994-01-01,7115.652,1201.675,681.232,761.827,1552.96,4585.1,-80.59500000000003,2.0015,6.6,75.619512195122,19.0144698267264,8.2,1994,80.9,22.2,1,1,1,0,0,0
1994-04-01,7246.931,1264.948,706.988,797.56,1567.862,4671.1,-90.57199999999987,2.0015,6.4,75.619512195122,19.0144698267264,8.2,1994,80.9,22.2,1,1,1,0,0,0
1994-07-01,7331.075,1251.749,736.883,833.751,1596.722,4720.6,-96.86799999999994,2.0015,6.1,75.619512195122,19.0144698267264,8.2,1994,80.9,22.2,1,1,1,0,0,0
1994-10-01,7455.288,1307.566,758.646,860.559,1622.331,4812.9,-101.913,2.0015,5.8,75.619512195122,19.0144698267264,8.2,1994,80.9,22.2,1,1,1,0,0,0
1995-01-01,7522.289,1327.586,781.57,886.899,1642.508,4851.2,-105.32899999999997,1.978,5.6,75.6219512195122,19.1057036620804,7.9,1995,81.7,23.0,1,1,1,0,0,0
1995-04-01,7580.997,1303.988,798.851,908.343,1659.406,4890.2,-109.49199999999996,1.978,5.8,75.6219512195122,19.1057036620804,7.9,1995,81.7,23.0,1,1,1,0,0,0
1995-07-01,7683.125,1303.248,831.399,905.843,1670.844,4970.2,-74.44399999999996,1.978,5.7,75.6219512195122,19.1057036620804,7.9,1995,81.7,23.0,1,1,1,0,0,0
1995-10-01,7772.586,1335.135,839.421,909.201,1665.404,5013.9,-69.77999999999997,1.978,5.5,75.6219512195122,19.1057036620804,7.9,1995,81.7,23.0,1,1,1,0,0,0
1996-01-01,7868.468,1355.353,847.94,936.735,1701.217,5085.7,-88.79499999999996,1.976,5.6,76.0268292682927,19.0940260266574,7.7,1996,81.7,23.6,1,1,1,0,0,0
1996-04-01,8032.84,1418.388,859.042,952.751,1711.469,5208.0,-93.70899999999996,1.976,5.6,76.0268292682927,19.0940260266574,7.7,1996,81.7,23.6,1,1,1,0,0,0
1996-07-01,8131.408,1474.35,859.577,973.757,1715.062,5251.9,-114.17999999999996,1.976,5.5,76.0268292682927,19.0940260266574,7.7,1996,81.7,23.6,1,1,1,0,0,0
1996-10-01,8259.771,1480.128,903.798,992.62,1735.168,5328.5,-88.822,1.976,5.2,76.0268292682927,19.0940260266574,7.7,1996,81.7,23.6,1,1,1,0,0,0
1997-01-01,8362.655,1522.404,918.374,1027.213,1736.733,5411.1,-108.83899999999994,1.971,5.3,76.4292682926829,19.0073819679811,7.5,1997,82.1,23.9,1,1,1,0,0,0
1997-04-01,8518.825,1590.218,954.45,1039.651,1755.842,5459.3,-85.20100000000002,1.971,5.1,76.4292682926829,19.0073819679811,7.5,1997,82.1,23.9,1,1,1,0,0,0
1997-07-01,8662.823,1625.251,974.057,1070.888,1757.977,5548.8,-96.8309999999999,1.971,4.9,76.4292682926829,19.0073819679811,7.5,1997,82.1,23.9,1,1,1,0,0,0
1997-10-01,8765.907,1644.529,968.33,1085.344,1786.848,5637.7,-117.014,1.971,4.7,76.4292682926829,19.0073819679811,7.5,1997,82.1,23.9,1,1,1,0,0,0
1998-01-01,8866.48,1712.324,963.021,1098.236,1768.79,5689.9,-135.21500000000017,1.999,4.6,76.5804878048781,18.8956615325535,7.4,1998,82.8,24.4,1,1,1,0,0,0
1998-04-01,8969.699,1695.773,947.295,1109.626,1781.911,5788.1,-162.33100000000002,1.999,4.3,76.5804878048781,18.8956615325535,7.4,1998,82.8,24.4,1,1,1,0,0,0
1998-07-01,9121.097,1741.623,935.263,1109.897,1788.538,5890.0,-174.6339999999999,1.999,4.5,76.5804878048781,18.8956615325535,7.4,1998,82.8,24.4,1,1,1,0,0,0
1998-10-01,9293.991,1796.964,966.337,1145.0,1814.518,5998.8,-178.663,1.999,4.5,76.5804878048781,18.8956615325535,7.4,1998,82.8,24.4,1,1,1,0,0,0
1999-01-01,9411.682,1853.063,960.764,1173.324,1811.988,6073.9,-212.5600000000001,2.0075,4.3,76.5829268292683,18.7598150298028,7.2,1999,83.4,25.2,1,1,1,0,0,0
1999-04-01,9526.21,1848.341,974.597,1222.126,1816.961,6199.5,-247.529,2.0075,4.3,76.5829268292683,18.7598150298028,7.2,1999,83.4,25.2,1,1,1,0,0,0
1999-07-01,9686.626,1893.735,1005.309,1281.712,1843.205,6287.6,-276.403,2.0075,4.3,76.5829268292683,18.7598150298028,7.2,1999,83.4,25.2,1,1,1,0,0,0
1999-10-01,9900.169,1953.097,1030.971,1332.679,1875.154,6411.4,-301.7080000000001,2.0075,4.1,76.5829268292683,18.7598150298028,7.2,1999,83.4,25.2,1,1,1,0,0,0
2000-01-01,10002.179,1950.65,1052.904,1409.487,1866.308,6542.9,-356.5830000000001,2.056,4.0,76.6365853658537,18.5906938495146,7.1,2000,84.1,25.6,1,1,1,0,0,0
2000-04-01,10247.72,2075.786,1093.36,1455.86,1908.645,6679.1,-362.5,2.056,3.8,76.6365853658537,18.5906938495146,7.1,2000,84.1,25.6,1,1,1,0,0,0
2000-07-01,10318.165,2059.969,1125.002,1518.869,1918.617,6768.5,-393.867,2.056,4.0,76.6365853658537,18.5906938495146,7.1,2000,84.1,25.6,1,1,1,0,0,0
2000-10-01,10435.744,2067.227,1113.177,1524.52,1938.796,6893.8,-411.3430000000001,2.056,3.9,76.6365853658537,18.5906938495146,7.1,2000,84.1,25.6,1,1,1,0,0,0
2001-01-01,10470.231,1971.333,1096.812,1499.464,1982.626,6987.4,-402.652,2.0305,4.2,76.8365853658537,18.5145589356825,7.0,2001,84.1,26.2,1,1,1,1,0,0
2001-04-01,10599.0,1973.033,1058.013,1422.028,2003.581,7004.2,-364.0150000000001,2.0305,4.4,76.8365853658537,18.5145589356825,7.0,2001,84.1,26.2,1,1,1,1,0,0
2001-07-01,10598.02,1944.909,998.902,1369.536,2037.703,7082.3,-370.634,2.0305,4.6,76.8365853658537,18.5145589356825,7.0,2001,84.1,26.2,1,1,1,1,0,0
2001-10-01,10660.465,1850.091,953.52,1323.208,2045.404,7212.9,-369.6880000000001,2.0305,5.3,76.8365853658537,18.5145589356825,7.0,2001,84.1,26.2,1,1,1,1,0,0
2002-01-01,10783.5,1912.659,969.157,1356.041,2091.469,7184.6,-386.8839999999999,2.0205,5.7,76.9365853658537,18.4572281245689,6.9,2002,84.1,26.7,1,1,1,1,0,0
2002-04-01,10887.46,1933.282,1004.154,1432.413,2130.186,7312.5,-428.259,2.0205,5.9,76.9365853658537,18.4572281245689,6.9,2002,84.1,26.7,1,1,1,1,0,0
2002-07-01,10984.04,1933.197,1015.56,1463.107,2148.447,7387.3,-447.547,2.0205,5.8,76.9365853658537,18.4572281245689,6.9,2002,84.1,26.7,1,1,1,1,0,0
2002-10-01,11061.433,1942.531,1003.046,1499.335,2184.697,7435.2,-496.289,2.0205,5.7,76.9365853658537,18.4572281245689,6.9,2002,84.1,26.7,1,1,1,1,0,0
2003-01-01,11174.129,1960.221,1004.201,1529.463,2220.262,7541.3,-525.262,2.0475,5.8,77.0365853658537,18.3995136642133,6.9,2003,84.6,27.2,1,1,1,1,0,0
2003-04-01,11312.766,1972.386,1007.465,1527.336,2299.919,7634.5,-519.871,2.0475,6.0,77.0365853658537,18.3995136642133,6.9,2003,84.6,27.2,1,1,1,1,0,0
2003-07-01,11566.669,2044.304,1037.31,1556.304,2309.622,7757.0,-518.9940000000001,2.0475,6.2,77.0365853658537,18.3995136642133,6.9,2003,84.6,27.2,1,1,1,1,0,0
2003-10-01,11772.234,2131.311,1091.682,1615.376,2344.18,7867.4,-523.694,2.0475,6.0,77.0365853658537,18.3995136642133,6.9,2003,84.6,27.2,1,1,1,1,0,0
2004-01-01,11923.447,2154.052,1133.669,1699.644,2381.04,8007.1,-565.9749999999999,2.0515,5.7,77.4878048780488,18.3982797829746,6.8,2004,85.2,27.7,1,1,1,1,0,0
2004-04-01,12112.815,2262.607,1170.152,1787.734,2400.4,8107.2,-617.5819999999999,2.0515,5.6,77.4878048780488,18.3982797829746,6.8,2004,85.2,27.7,1,1,1,1,0,0
2004-07-01,12305.307,2318.272,1180.185,1832.856,2428.795,8236.9,-652.671,2.0515,5.5,77.4878048780488,18.3982797829746,6.8,2004,85.2,27.7,1,1,1,1,0,0
2004-10-01,12527.214,2390.082,1221.444,1921.78,2476.05,8397.1,-700.336,2.0515,5.5,77.4878048780488,18.3982797829746,6.8,2004,85.2,27.7,1,1,1,1,0,0
2005-01-01,12767.286,2486.068,1258.408,1955.063,2548.019,8497.7,-696.6550000000002,2.057,5.3,77.4878048780488,18.4400461890523,6.7,2005,85.2,27.7,1,1,1,1,0,0
2005-04-01,12922.656,2476.474,1294.853,2002.063,2578.686,8678.4,-707.21,2.057,5.2,77.4878048780488,18.4400461890523,6.7,2005,85.2,27.7,1,1,1,1,0,0
2005-07-01,13142.642,2531.076,1302.315,2053.275,2617.33,8853.8,-750.96,2.057,5.0,77.4878048780488,18.4400461890523,6.7,2005,85.2,27.7,1,1,1,1,0,0
2005-10-01,13324.204,2645.263,1350.743,2155.529,2649.819,8938.5,-804.7860000000001,2.057,5.0,77.4878048780488,18.4400461890523,6.7,2005,85.2,27.7,1,1,1,1,0,0
2006-01-01,13599.16,2709.74,1413.966,2204.784,2728.184,9071.6,-790.8180000000002,2.108,4.7,77.6878048780488,18.4966660933602,6.7,2006,85.5,28.0,1,1,1,1,0,0
2006-04-01,13753.424,2709.252,1459.767,2253.809,2749.085,9191.6,-794.0420000000001,2.108,4.7,77.6878048780488,18.4966660933602,6.7,2006,85.5,28.0,1,1,1,1,0,0
2006-07-01,13870.188,2709.42,1475.417,2298.702,2775.712,9343.8,-823.2850000000003,2.108,4.7,77.6878048780488,18.4966660933602,6.7,2006,85.5,28.0,1,1,1,1,0,0
2006-10-01,14039.56,2675.406,1531.531,2269.198,2789.906,9393.6,-737.6669999999999,2.108,4.4,77.6878048780488,18.4966660933602,6.7,2006,85.5,28.0,1,1,1,1,0,0
2007-01-01,14215.651,2664.295,1577.991,2317.264,2869.326,9538.7,-739.2730000000001,2.12,4.6,77.9878048780488,18.6053319261046,6.6,2007,85.7,28.7,1,1,1,1,0,0
2007-04-01,14402.082,2699.217,1622.764,2368.569,2905.202,9643.6,-745.8050000000001,2.12,4.5,77.9878048780488,18.6053319261046,6.6,2007,85.7,28.7,1,1,1,1,0,0
2007-07-01,14564.117,2685.969,1685.71,2414.664,2945.721,9751.1,-728.9540000000002,2.12,4.7,77.9878048780488,18.6053319261046,6.6,2007,85.7,28.7,1,1,1,1,0,0
2007-10-01,14715.058,2642.56,1750.714,2480.413,2991.765,9882.7,-729.6990000000001,2.12,4.7,77.9878048780488,18.6053319261046,6.6,2007,85.7,28.7,1,1,1,1,0,0
2008-01-01,14706.538,2563.701,1813.321,2584.568,3043.522,9996.4,-771.2470000000003,2.072,5.0,78.0390243902439,18.8572873201025,6.5,2008,86.6,29.4,1,1,1,1,1,0
2008-04-01,14865.701,2540.595,1905.282,2681.686,3397.452,10070.3,-776.4040000000002,2.072,5.0,78.0390243902439,18.8572873201025,6.5,2008,86.6,29.4,1,1,1,1,1,0
2008-07-01,14898.999,2498.242,1922.215,2709.569,3194.11,10185.1,-787.354,2.072,5.8,78.0390243902439,18.8572873201025,6.5,2008,86.6,29.4,1,1,1,1,1,0
2008-10-01,14608.209,2307.915,1700.304,2328.779,3192.866,10034.1,-628.4749999999999,2.072,6.5,78.0390243902439,18.8572873201025,6.5,2008,86.6,29.4,1,1,1,1,1,0
2009-01-01,14430.902,2014.878,1511.768,1932.761,3322.767,9847.2,-420.993,2.002,7.8,78.390243902439,19.1493047246615,6.4,2009,86.7,29.5,1,1,1,1,1,0
2009-04-01,14381.236,1863.65,1521.093,1879.461,3524.671,9772.5,-358.36799999999994,2.002,9.0,78.390243902439,19.1493047246615,6.4,2009,86.7,29.5,1,1,1,1,1,0
2009-07-01,14448.882,1841.416,1594.725,2018.722,3532.903,9886.3,-423.99700000000007,2.002,9.5,78.390243902439,19.1493047246615,6.4,2009,86.7,29.5,1,1,1,1,1,0
2009-10-01,14651.249,1998.71,1703.508,2176.763,3560.619,9976.7,-473.2549999999999,2.002,10.0,78.390243902439,19.1493047246615,6.4,2009,86.7,29.5,1,1,1,1,1,0
2010-01-01,14764.61,2038.161,1759.877,2269.069,3710.548,10056.1,-509.192,1.931,9.8,78.5414634146342,19.4146351239545,6.2,2010,87.1,29.9,1,1,1,1,1,0
2010-04-01,14980.193,2148.795,1819.741,2362.255,3745.711,10182.3,-542.5140000000001,1.931,9.9,78.5414634146342,19.4146351239545,6.2,2010,87.1,29.9,1,1,1,1,1,0
2010-07-01,15141.607,2236.495,1877.253,2431.195,3792.438,10268.1,-553.9420000000002,1.931,9.4,78.5414634146342,19.4146351239545,6.2,2010,87.1,29.9,1,1,1,1,1,0
2010-10-01,15309.474,2238.44,1972.116,2495.702,3809.804,10386.4,-523.5860000000002,1.931,9.4,78.5414634146342,19.4146351239545,6.2,2010,87.1,29.9,1,1,1,1,1,0
2011-01-01,15351.448,2205.962,2040.407,2608.884,3811.263,10514.3,-568.4770000000001,1.8945,9.1,78.6414634146341,19.8104155083314,6.1,2011,87.6,30.4,1,1,1,1,1,0
2011-04-01,15557.539,2297.352,2116.132,2697.224,3849.377,10652.1,-581.0920000000001,1.8945,9.1,78.6414634146341,19.8104155083314,6.1,2011,87.6,30.4,1,1,1,1,1,0
2011-07-01,15647.68,2322.84,2156.793,2723.903,3783.833,10731.6,-567.1099999999997,1.8945,9.0,78.6414634146341,19.8104155083314,6.1,2011,87.6,30.4,1,1,1,1,1,0
2011-10-01,15842.259,2504.095,2150.123,2751.911,3786.528,10802.9,-601.788,1.8945,8.8,78.6414634146341,19.8104155083314,6.1,2011,87.6,30.4,1,1,1,1,1,0
2012-01-01,16068.805,2567.75,2189.981,2792.253,3774.344,10896.8,-602.2719999999999,1.8805,8.3,78.7414634146342,20.3441057348675,6.0,2012,87.6,30.9,1,1,1,1,1,0
2012-04-01,16207.115,2636.863,2215.586,2780.827,3772.867,11018.5,-565.2410000000004,1.8805,8.2,78.7414634146342,20.3441057348675,6.0,2012,87.6,30.9,1,1,1,1,1,0
2012-07-01,16319.541,2644.119,2227.734,2750.817,3777.299,11016.8,-523.0830000000001,1.8805,8.2,78.7414634146342,20.3441057348675,6.0,2012,87.6,30.9,1,1,1,1,1,0
2012-10-01,16420.419,2638.282,2237.498,2753.373,3769.503,11137.4,-515.875,1.8805,7.8,78.7414634146342,20.3441057348675,6.0,2012,87.6,30.9,1,1,1,1,1,0
2013-01-01,16648.189,2746.42,2255.929,2755.277,3758.798,11252.4,-499.348,1.8575,8.0,78.7414634146342,20.8662551736736,6.0,2013,88.2,31.7,1,1,1,1,1,0
2013-04-01,16728.687,2780.242,2261.403,2759.783,3776.035,11281.1,-498.3800000000001,1.8575,7.6,78.7414634146342,20.8662551736736,6.0,2013,88.2,31.7,1,1,1,1,1,0
2013-07-01,16953.838,2892.354,2285.116,2767.183,3773.724,11372.6,-482.067,1.8575,7.3,78.7414634146342,20.8662551736736,6.0,2013,88.2,31.7,1,1,1,1,1,0
2013-10-01,17192.019,2934.291,2349.24,2783.259,3772.463,11498.0,-434.0190000000002,1.8575,7.2,78.7414634146342,20.8662551736736,6.0,2013,88.2,31.7,1,1,1,1,1,0
2014-01-01,17197.738,2922.765,2343.602,2853.69,3819.402,11578.8,-510.0880000000002,1.8625,6.6,78.8414634146341,21.2753487246214,5.9,2014,88.3,32.0,1,1,1,1,1,0
2014-04-01,17518.508,3059.096,2395.168,2900.572,3876.072,11762.3,-505.404,1.8625,6.2,78.8414634146341,21.2753487246214,5.9,2014,88.3,32.0,1,1,1,1,1,0
2014-07-01,17804.228,3142.047,2399.191,2888.549,3931.623,11904.4,-489.3580000000002,1.8625,6.2,78.8414634146341,21.2753487246214,5.9,2014,88.3,32.0,1,1,1,1,1,0
2014-10-01,17912.079,3172.016,2376.218,2906.969,3926.651,12064.7,-530.7510000000002,1.8625,5.7,78.8414634146341,21.2753487246214,5.9,2014,88.3,32.0,1,1,1,1,1,0
2015-01-01,18063.529,3282.283,2299.045,2825.476,3970.21,12066.7,-526.431,1.8435,5.7,78.690243902439,21.5860419772798,5.8,2015,88.4,32.5,1,1,1,1,1,0
2015-04-01,18279.784,3291.104,2300.441,2809.968,3990.778,12209.1,-509.527,1.8435,5.4,78.690243902439,21.5860419772798,5.8,2015,88.4,32.5,1,1,1,1,1,0
2015-07-01,18401.626,3303.66,2260.724,2798.806,4011.91,12364.9,-538.0819999999999,1.8435,5.2,78.690243902439,21.5860419772798,5.8,2015,88.4,32.5,1,1,1,1,1,0
2015-10-01,18435.137,3276.879,2222.279,2745.517,4050.403,12394.9,-523.2379999999998,1.8435,5.0,78.690243902439,21.5860419772798,5.8,2015,88.4,32.5,1,1,1,1,1,0
2016-01-01,18525.933,3244.317,2181.957,2693.639,4084.292,12478.0,-511.6820000000002,1.8205,4.8,78.5390243902439,22.1791970006815,5.7,2016,89.1,33.4,1,1,1,1,1,0
2016-04-01,18711.702,3246.381,2221.936,2711.306,4101.647,12611.5,-489.3699999999999,1.8205,5.1,78.5390243902439,22.1791970006815,5.7,2016,89.1,33.4,1,1,1,1,1,0
2016-07-01,18892.639,3261.571,2270.0,2751.229,4150.5,12756.7,-481.2289999999998,1.8205,4.8,78.5390243902439,22.1791970006815,5.7,2016,89.1,33.4,1,1,1,1,1,0
2016-10-01,19089.379,3360.952,2268.339,2799.145,4175.46,12867.0,-530.806,1.8205,4.9,78.5390243902439,22.1791970006815,5.7,2016,89.1,33.4,1,1,1,1,1,0
2017-01-01,19280.084,3363.101,2339.728,2873.148,4192.262,13063.7,-533.4200000000001,1.7655,4.7,78.5390243902439,22.8700619407421,5.7,2017,89.6,34.2,1,1,1,1,1,0
2017-04-01,19438.643,3432.968,2349.681,2903.18,4195.549,13169.2,-553.4989999999998,1.7655,4.4,78.5390243902439,22.8700619407421,5.7,2017,89.6,34.2,1,1,1,1,1,0
2017-07-01,19692.595,3500.142,2384.524,2916.022,4253.985,13263.3,-531.498,1.7655,4.3,78.5390243902439,22.8700619407421,5.7,2017,89.6,34.2,1,1,1,1,1,0
2017-10-01,20037.088,3574.446,2479.107,3034.004,4320.383,13447.5,-554.8969999999999,1.7655,4.2,78.5390243902439,22.8700619407421,5.7,2017,89.6,34.2,1,1,1,1,1,0
2018-01-01,20328.553,3645.635,2517.268,3093.299,4398.501,13703.3,-576.031,1.7295,4.0,78.6390243902439,23.4394842925266,5.6,2018,89.8,35.0,1,1,1,1,1,0
2018-04-01,20580.912,3662.727,2562.172,3105.995,4453.783,13838.4,-543.8229999999999,1.7295,4.0,78.6390243902439,23.4394842925266,5.6,2018,89.8,35.0,1,1,1,1,1,0
2018-07-01,20798.73,3788.692,2535.501,3153.747,4512.225,13974.8,-618.2459999999996,1.7295,3.8,78.6390243902439,23.4394842925266,5.6,2018,89.8,35.0,1,1,1,1,1,0
2018-10-01,20917.867,3802.028,2537.415,3171.622,4593.407,14083.1,-634.2069999999999,1.7295,3.8,78.6390243902439,23.4394842925266,5.6,2018,89.8,35.0,1,1,1,1,1,0
2019-01-01,21104.133,3850.171,2544.106,3142.693,4688.509,14088.4,-598.587,1.706,4.0,78.7878048780488,24.1198200811779,5.5,2019,90.1,36.0,1,1,1,1,1,0
2019-04-01,21384.775,3894.868,2545.358,3160.379,4736.911,14278.3,-615.0209999999997,1.706,3.7,78.7878048780488,24.1198200811779,5.5,2019,90.1,36.0,1,1,1,1,1,0
2019-07-01,21694.282,3939.338,2532.395,3116.653,4776.799,14471.8,-584.2579999999998,1.706,3.7,78.7878048780488,24.1198200811779,5.5,2019,90.1,36.0,1,1,1,1,1,0
2019-10-01,21902.39,3885.228,2531.943,3048.089,4792.047,14584.0,-516.1459999999997,1.706,3.6,78.7878048780488,24.1198200811779,5.5,2019,90.1,36.0,1,1,1,1,1,0
2020-01-01,21706.513,3807.759,2416.101,2934.121,4870.147,14815.7,-518.02,1.6415,3.6,76.9804878048781,24.8576386985249,5.4,2020,90.9,37.5,1,1,1,1,1,1
2020-04-01,19913.143,3254.272,1811.351,2342.488,8829.978,12228.3,-531.1369999999997,1.6415,14.8,76.9804878048781,24.8576386985249,5.4,2020,90.9,37.5,1,1,1,1,1,1
2020-07-01,21647.64,3891.227,2106.577,2802.324,7114.801,14285.1,-695.7469999999998,1.6415,10.2,76.9804878048781,24.8576386985249,5.4,2020,90.9,37.5,1,1,1,1,1,1
2020-10-01,22024.502,4040.153,2266.421,3027.081,5863.622,14702.5,-760.6600000000003,1.6415,6.8,76.9804878048781,24.8576386985249,5.4,2020,90.9,37.5,1,1,1,1,1,1
2021-01-01,22600.185,4031.066,2382.789,3175.205,8171.31,15047.3,-792.4159999999997,1.664,6.4,76.3292682926829,25.629056934291,5.4,2021,91.1,37.9,1,1,1,1,1,1
2021-04-01,23292.362,4013.283,2498.27,3330.241,7603.734,15854.1,-831.971,1.664,6.1,76.3292682926829,25.629056934291,5.4,2021,91.1,37.9,1,1,1,1,1,1
2021-07-01,23828.973,4226.608,2565.968,3450.245,6660.052,16150.8,-884.277,1.664,5.4,76.3292682926829,25.629056934291,5.4,2021,91.1,37.9,1,1,1,1,1,1
2021-10-01,24654.603,4594.048,2753.126,3677.415,6079.134,16613.8,-924.2889999999998,1.664,4.5,76.3292682926829,25.629056934291,5.4,2021,91.1,37.9,1,1,1,1,1,1
2022-01-01,25029.116,4766.754,2837.615,3927.291,5928.44,16888.6,-1089.6760000000004,,4.0,,26.3864989956555,,2022,91.2,37.7,1,1,1,1,1,1
2022-04-01,25544.273,4739.049,3044.272,4069.839,5985.496,17310.5,-1025.567,,3.7,,26.3864989956555,,2022,91.2,37.7,1,1,1,1,1,1
2022-07-01,25994.639,4724.621,3084.498,3976.524,6064.399,17556.4,-892.0259999999998,,3.5,,26.3864989956555,,2022,91.2,37.7,1,1,1,1,1,1
2022-10-01,26408.405,4796.162,3013.8,3891.004,6175.709,17915.1,-877.2039999999997,,3.6,,26.3864989956555,,2022,91.2,37.7,1,1,1,1,1,1
2023-01-01,26813.601,4725.828,3064.804,3890.491,6324.782,18229.6,-825.6869999999999,,3.4,,,,2023,,,1,1,1,1,1,1
2023-04-01,27063.012,4780.29,2961.759,3767.851,6346.294,18363.8,-806.0920000000001,,3.4,,,,2023,,,1,1,1,1,1,1
2023-07-01,27610.128,4915.033,3030.751,3809.982,6400.442,18595.4,-779.2309999999998,,3.5,,,,2023,,,1,1,1,1,1,1
2023-10-01,27956.998,4954.426,3051.66,3835.394,6465.591,18810.6,-783.7339999999999,,3.8,,,,2023,,,1,1,1,1,1,1
